0 3.34691
0 3.3282
0 3.32306
0 3.32418
0 3.32167
0 3.32436
0 3.32374
0 3.3239
0 3.32367
0 3.32393
1 3.32275
1 3.32359
1 3.3251
1 3.32541
1 3.32315
1 3.32456
1 3.32716
1 3.32627
1 3.32932
1 3.32579
2 1.7019
2 1.70235
2 1.70007
2 1.70605
2 1.70032
2 1.70145
2 1.70401
2 1.70249
2 1.7026
2 1.7038
3 1.18202
3 1.18175
3 1.18238
3 1.18338
3 1.1837
3 1.1825
3 1.18642
3 1.18973
3 1.1817
3 1.18206
4 0.92963
4 0.919071
4 0.917693
4 0.917729
4 0.919378
4 0.919589
4 0.918547
4 0.919368
4 0.917825
4 0.917334
5 0.885555
5 0.883856
5 0.87906
5 0.877351
5 0.884758
5 0.886335
5 0.887563
5 0.881476
5 0.882247
5 0.880216
6 0.850658
6 0.852076
6 0.851275
6 0.858194
6 0.853011
6 0.858154
6 0.857652
6 0.850723
6 0.857299
6 0.856214
7 0.83551
7 0.824939
7 0.826262
7 0.842585
7 0.831788
7 0.832831
7 0.834579
7 0.830161
7 0.836423
7 0.8331
8 0.804161
8 0.803963
8 0.807988
8 0.801892
8 0.801734
8 0.801174
8 0.80098
8 0.802592
8 0.803891
8 0.80413
9 0.810981
9 0.801961
9 0.805153
9 0.799862
9 0.817772
9 0.810339
9 0.803307
9 0.797989
9 0.807578
9 0.801358
10 0.804933
10 0.803975
10 0.802827
10 0.801359
10 0.805318
10 0.807441
10 0.805533
10 0.809026
10 0.812692
10 0.80827
11 0.806484
11 0.878636
11 0.868214
11 0.872202
11 0.873305
11 0.847345
11 0.805715
11 0.803972
11 0.804483
11 0.805894
12 0.842848
12 0.873102
12 0.88519
12 0.883344
12 0.880033
12 0.815561
12 0.817987
12 0.845472
12 0.824299
12 0.8295
13 0.891295
13 0.921906
13 0.876907
13 0.877826
13 0.856572
13 0.804131
13 0.807045
13 0.805805
13 0.807301
13 0.830403
14 0.87944
14 0.870286
14 0.867551
14 0.874897
14 1.00424
14 0.810285
14 0.806281
14 0.844818
14 0.950166
14 1.14403
15 0.87764
15 0.879902
15 1.04546
15 1.1972
15 0.878519
15 0.874928
15 0.882298
15 0.928509
15 0.886773
15 0.866476
16 1.23851
16 0.911185
16 1.20005
16 0.892378
16 1.12858
16 1.2103
16 1.24307
16 0.812086
16 0.81359
16 0.902625
17 0.946657
17 1.02374
17 1.56794
17 1.15474
17 0.848802
17 1.00768
17 0.868942
17 1.12859
17 1.17562
17 0.965825
18 1.78451
18 0.972201
18 1.17407
18 0.849983
18 0.998938
18 1.54945
18 1.42896
18 0.992629
18 0.983265
18 1.48706
19 1.85785
19 0.926275
19 0.858115
19 1.41716
19 0.980651
19 0.942037
19 1.49632
19 1.58015
19 1.323
19 1.36993
20 1.3303
20 1.41134
20 1.66159
20 2.5252
20 1.60377
20 1.71372
20 1.76073
20 1.31255
20 1.89298
20 2.83332
21 1.95492
21 1.47055
21 2.22478
21 1.53296
21 1.45166
21 1.77367
21 1.51364
21 1.8119
21 1.85383
21 1.70192
22 1.4766
22 1.63026
22 1.49591
22 1.49134
22 1.58676
22 1.584
22 1.42916
22 1.58173
22 1.70879
22 1.07262
23 1.76586
23 1.85527
23 1.6819
23 1.09434
23 1.33691
23 2.45372
23 1.76676
23 1.98078
23 2.42775
23 1.99033
